MEME version 5.1.1

ALPHABET= ACGT

strands: + -

Background letter frequencies (from unknown source):
A 0.296 C 0.204 G 0.204 T 0.296

MOTIF 1

log-odds matrix: alength= 4 w= 27 E= 6.3e-007
    43   -897    156   -897
   175   -897   -897   -897
  -897   -897   -897    175
  -897   -897   -897    175
  -897   -897   -897    175
   175   -897   -897   -897
   175   -897   -897   -897
   175   -897   -897   -897
  -897     97     97    -57
   175   -897   -897   -897
  -897   -897   -897    175
   175   -897   -897   -897
   -57     -3    156   -897
   175   -897   -897   -897
  -897   -897   -897    175
  -897   -897   -897    175
  -897   -897   -897    175
   175   -897   -897   -897
   175   -897   -897   -897
   175   -897   -897   -897
  -897   -897   -897    175
   143     -3   -897   -897
   143   -897   -897    -57
   -57   -897   -897    143
   143   -897   -897    -57
   102     -3     -3   -897
  -897    156     97   -897


letter-probability matrix: alength= 4 w= 27 nsites= 5 E= 6.3e-007
0.400000 0.000000 0.600000 0.000000
1.000000 0.000000 0.000000 0.000000
0.000000 0.000000 0.000000 1.000000
0.000000 0.000000 0.000000 1.000000
0.000000 0.000000 0.000000 1.000000
1.000000 0.000000 0.000000 0.000000
1.000000 0.000000 0.000000 0.000000
1.000000 0.000000 0.000000 0.000000
0.000000 0.400000 0.400000 0.200000
1.000000 0.000000 0.000000 0.000000
0.000000 0.000000 0.000000 1.000000
1.000000 0.000000 0.000000 0.000000
0.200000 0.200000 0.600000 0.000000
1.000000 0.000000 0.000000 0.000000
0.000000 0.000000 0.000000 1.000000
0.000000 0.000000 0.000000 1.000000
0.000000 0.000000 0.000000 1.000000
1.000000 0.000000 0.000000 0.000000
1.000000 0.000000 0.000000 0.000000
1.000000 0.000000 0.000000 0.000000
0.000000 0.000000 0.000000 1.000000
0.800000 0.200000 0.000000 0.000000
0.800000 0.000000 0.000000 0.200000
0.200000 0.000000 0.000000 0.800000
0.800000 0.000000 0.000000 0.200000
0.600000 0.200000 0.200000 0.000000
0.000000 0.600000 0.400000 0.000000
