MEME version 5.1.1

ALPHABET= ACGT

strands: + -

Background letter frequencies (from unknown source):
A 0.289 C 0.211 G 0.211 T 0.289

MOTIF 1

log-odds matrix: alength= 4 w= 18 E= 4.7e-008
   -21  -1023  -1023    138
    21    -34     66    -79
 -1023    -34   -134    138
    53  -1023    124   -179
  -179  -1023    212  -1023
 -1023  -1023  -1023    179
   121  -1023  -1023     21
 -1023    224  -1023  -1023
   166  -1023   -134  -1023
   121   -134   -134    -79
   101   -134   -134    -21
  -179    -34     66     53
 -1023     98    147  -1023
 -1023    198   -134   -179
   -79    124     24   -179
 -1023   -134    212  -1023
   166  -1023   -134  -1023
   153    -34  -1023  -1023


letter-probability matrix: alength= 4 w= 18 nsites= 12 E= 4.7e-008
0.250000 0.000000 0.000000 0.750000
0.333333 0.166667 0.333333 0.166667
0.000000 0.166667 0.083333 0.750000
0.416667 0.000000 0.500000 0.083333
0.083333 0.000000 0.916667 0.000000
0.000000 0.000000 0.000000 1.000000
0.666667 0.000000 0.000000 0.333333
0.000000 1.000000 0.000000 0.000000
0.916667 0.000000 0.083333 0.000000
0.666667 0.083333 0.083333 0.166667
0.583333 0.083333 0.083333 0.250000
0.083333 0.166667 0.333333 0.416667
0.000000 0.416667 0.583333 0.000000
0.000000 0.833333 0.083333 0.083333
0.166667 0.500000 0.250000 0.083333
0.000000 0.083333 0.916667 0.000000
0.916667 0.000000 0.083333 0.000000
0.833333 0.166667 0.000000 0.000000
